0 0.349398 0.422786 0.146299 0.211988
0 0.388554 0.238876 0.098967 0.127754
0 0.417814 0.132882 0.073150 0.092657
0 0.378227 0.039065 0.052496 0.078130
0 0.175559 0.075567 0.123924 0.151133
0 0.725904 0.660044 0.202238 0.248489
0 0.805938 0.926539 0.271084 0.146921
1 0.534854 0.465605 0.040448 0.188121
1 0.780981 0.474028 0.062823 0.140389
1 0.698365 0.386987 0.054217 0.190929
1 0.533563 0.109718 0.032702 0.082830
1 0.690189 0.150431 0.027539 0.094061
1 0.932874 0.736556 0.106713 0.241469
1 0.259466 0.066198 0.026678 0.077214