0 0.959410 0.916974 0.081180 0.166052
0 0.892528 0.723247 0.141144 0.184502
0 0.845480 0.576261 0.102399 0.116851
0 0.799354 0.485240 0.074723 0.099631
0 0.756458 0.423739 0.062731 0.077491
0 0.732934 0.365929 0.063653 0.062731
0 0.638376 0.268143 0.051661 0.086101
0 0.652214 0.378229 0.049815 0.070111
0 0.696494 0.535055 0.084871 0.162362
0 0.691421 0.432964 0.074723 0.054121
0 0.725554 0.742312 0.113469 0.200492
0 0.766144 0.931119 0.154059 0.137761
0 0.522601 0.901599 0.128229 0.196802
0 0.557657 0.517220 0.095018 0.210332
0 0.590406 0.381304 0.055351 0.127921
0 0.280904 0.940344 0.159594 0.119311
0 0.089022 0.892374 0.178044 0.215252
0 0.199723 0.706642 0.163284 0.175892
0 0.287823 0.497540 0.153137 0.217712
0 0.424354 0.584871 0.094096 0.116851
0 0.487085 0.410209 0.057196 0.072571
0 0.398524 0.408979 0.077491 0.116851
0 0.061347 0.575031 0.122694 0.291513
0 0.152214 0.442189 0.193727 0.232472
0 0.306273 0.324108 0.123616 0.138991
0 0.382380 0.269373 0.083948 0.100861
0 0.514299 0.335793 0.041513 0.073801
0 0.438192 0.330873 0.047970 0.066421