1 0.618611 0.835793 0.043864 0.158672
1 0.219810 0.513530 0.028646 0.094711
1 0.143273 0.493850 0.022379 0.062731
1 0.410035 0.559656 0.038493 0.078721
1 0.822711 0.708487 0.058186 0.125461
1 0.830767 0.787823 0.070719 0.121771
1 0.933713 0.797663 0.093993 0.136531
1 0.769000 0.732472 0.056396 0.148831
1 0.736774 0.701722 0.059977 0.114391
1 0.691120 0.739237 0.054606 0.113161
1 0.670979 0.667897 0.041178 0.056581
1 0.359905 0.637761 0.042073 0.131611
1 0.577433 0.677737 0.054606 0.127921
1 0.624429 0.688192 0.044759 0.138991
1 0.471802 0.656827 0.043864 0.123001
1 0.519694 0.665437 0.042968 0.152522
1 0.412720 0.652522 0.049235 0.121771
1 0.269045 0.621156 0.041178 0.118081
1 0.313803 0.626691 0.041178 0.146371
1 0.021730 0.594096 0.043460 0.115621
1 0.073896 0.599631 0.050130 0.138991
1 0.125369 0.602091 0.054606 0.126691
1 0.175051 0.605166 0.051920 0.127921
1 0.212649 0.618696 0.050130 0.145141
0 0.290529 0.439114 0.112792 0.073801
0 0.555053 0.510455 0.110107 0.098401
0 0.463745 0.500615 0.090413 0.095941
0 0.438680 0.455720 0.102945 0.084871
0 0.353639 0.444649 0.111897 0.131611
0 0.888954 0.300123 0.040283 0.046740
0 0.644571 0.439114 0.076090 0.086101
0 0.550577 0.445879 0.088622 0.075031
0 0.447632 0.402829 0.077880 0.072571
0 0.517904 0.366544 0.060872 0.059041
0 0.612792 0.388684 0.051920 0.073801
0 0.693806 0.381919 0.059977 0.084871