0 0.646781 0.840713 0.185322 0.237392
0 0.315498 0.847478 0.227962 0.246002
0 0.157237 0.660517 0.190242 0.152522
0 0.258098 0.545510 0.132841 0.094711
0 0.399959 0.648831 0.180402 0.126691
0 0.594301 0.636531 0.142681 0.131611
0 0.613161 0.523985 0.124641 0.078721
0 0.793563 0.437884 0.111521 0.056581
0 0.434399 0.542435 0.127921 0.095941
0 0.313038 0.463715 0.091841 0.098401
0 0.465560 0.386839 0.098401 0.134071
0 0.579541 0.467405 0.080361 0.078721
0 0.591021 0.392374 0.063961 0.046740
0 0.655802 0.284748 0.065601 0.060271
0 0.731242 0.311808 0.049200 0.028290
0 0.359779 0.424354 0.077081 0.059041
0 0.460640 0.476015 0.108241 0.071341