0 0.503873 0.890281 0.136833 0.191788
0 0.749570 0.828587 0.141136 0.181058
0 0.703098 0.656247 0.115318 0.128752
0 0.509036 0.670999 0.098967 0.147529
0 0.232358 0.877540 0.146299 0.177035
0 0.080034 0.706540 0.123924 0.162282
0 0.160929 0.600588 0.098107 0.116682
0 0.303356 0.660941 0.107573 0.135458
0 0.231067 0.499329 0.080034 0.096564
0 0.259036 0.436965 0.072289 0.087176
0 0.301205 0.342412 0.053356 0.075106
0 0.369191 0.516094 0.084337 0.111317
0 0.371343 0.422212 0.066265 0.097906
0 0.522375 0.536212 0.089501 0.108635
0 0.651893 0.497988 0.085198 0.101929
0 0.645869 0.409471 0.074871 0.093882
0 0.521945 0.462447 0.067986 0.087176
0 0.892857 0.424224 0.081756 0.104611
0 0.887694 0.329671 0.059380 0.079129
0 0.783133 0.308883 0.058520 0.069741
0 0.823580 0.227742 0.037866 0.057670
0 0.605422 0.349118 0.055938 0.077788
0 0.406196 0.369906 0.061962 0.071082
0 0.522806 0.377283 0.067986 0.075106
0 0.507315 0.428918 0.067986 0.076447
0 0.764630 0.217683 0.043890 0.075106
0 0.575731 0.252554 0.049914 0.053647
0 0.594234 0.298824 0.052496 0.049623
0 0.506885 0.324977 0.055077 0.053647
0 0.408348 0.319612 0.052496 0.059012
0 0.352840 0.186166 0.053356 0.114000
0 0.787866 0.149954 0.042169 0.076447