1 0.322719 0.616824 0.044750 0.126506
1 0.508606 0.614888 0.051635 0.114888
1 0.559380 0.714931 0.034423 0.141997
1 0.604131 0.654260 0.039587 0.121343
1 0.657487 0.618761 0.036145 0.145869
1 0.777108 0.593589 0.056799 0.116179
1 0.020224 0.426420 0.040448 0.104561
0 0.223322 0.216114 0.157487 0.432228
0 0.361446 0.317986 0.099828 0.207831
0 0.357143 0.094772 0.115318 0.189544
0 0.502582 0.289587 0.091222 0.200086
0 0.623924 0.214824 0.189329 0.429647
0 0.471601 0.138554 0.072289 0.140706
0 0.781842 0.324441 0.128227 0.225904